A E C
E D B
D C A
E D E
B E D
success
stops:  8 nodes_expanded:  178
(4, 3) [3 3 3 3 3] D
(3, 3) [3 3 3 3 2] E
(2, 3) [3 3 3 2 1] A
(0, 3) [3 3 2 2 1] C
(1, 3) [2 3 1 2 1] B
(1, 2) [2 2 1 2 0] D
(0, 2) [2 1 0 1 0] E
(0, 1) [1 0 0 0 0] A
ended traversal

success
distance:  3411 nodes_expanded:  356
((2, 3), array([3, 3, 3, 3, 3]), 3411, 'A')
((2, 2), array([3, 3, 2, 3, 3]), 2738, 'C')
((1, 3), array([2, 3, 1, 3, 3]), 2339, 'E')
((1, 3), array([2, 3, 1, 3, 3]), 2002, 'B')
((3, 3), array([2, 2, 1, 3, 3]), 1665, 'E')
((4, 3), array([2, 2, 1, 2, 3]), 1278, 'D')
((0, 2), array([2, 1, 0, 1, 2]), 891, 'E')
((0, 1), array([1, 1, 0, 1, 2]), 614, 'A')
((4, 2), array([0, 1, 0, 1, 2]), 337, 'E')
((4, 1), array([0, 0, 0, 0, 1]), 0, 'B')
ended traversal
///////////////////////////////////////
B D B A
D C E D
A B D E
B C E A
A C E C
success
stops:  9 nodes_expanded:  510
(0, 4) [4 4 4 4 4] A
(4, 4) [3 4 4 3 4] C
(1, 4) [3 4 4 3 3] D
(1, 3) [3 3 4 3 3] E
(0, 3) [3 2 3 2 2] B
(1, 2) [2 2 3 2 2] C
(0, 2) [2 1 3 1 1] D
(0, 1) [1 0 2 1 1] B
(2, 1) [0 0 1 0 1] A
ended traversal

success
distance:  4811 nodes_expanded:  1160
((4, 4), array([4, 4, 4, 4, 4]), 4811, 'C')
((3, 4), array([4, 4, 4, 4, 3]), 4138, 'A')
((0, 3), array([3, 4, 4, 3, 3]), 3861, 'E')
((0, 3), array([3, 4, 4, 3, 3]), 3524, 'B')
((2, 4), array([2, 4, 4, 3, 3]), 3187, 'E')
((2, 3), array([2, 4, 3, 3, 3]), 2800, 'D')
((4, 3), array([1, 3, 2, 3, 3]), 2413, 'E')
((4, 2), array([1, 2, 2, 2, 2]), 2014, 'C')
((3, 1), array([1, 1, 2, 1, 1]), 1615, 'E')
((3, 1), array([1, 1, 2, 1, 1]), 1278, 'B')
((4, 1), array([0, 1, 1, 0, 1]), 941, 'E')
((4, 1), array([0, 1, 1, 0, 1]), 664, 'A')
((1, 1), array([0, 1, 0, 0, 0]), 387, 'E')
((1, 1), array([0, 1, 0, 0, 0]), 0, 'D')
ended traversal

///////////////////////////////////////
E A B E D
E A D A B
E C E B C
B C B D B
B C D E C
success
stops:  11 nodes_expanded:  646
(2, 5) [5 5 5 5 5] C
(1, 5) [5 5 4 5 4] B
(0, 5) [5 4 4 4 4] D
(1, 4) [4 4 4 3 4] A
(2, 4) [4 3 4 3 4] B
(0, 4) [4 3 3 2 4] E
(1, 3) [3 3 2 2 3] D
(2, 2) [3 2 2 2 2] C
(0, 3) [3 2 1 1 1] B
(0, 2) [2 2 1 0 0] A
(0, 1) [1 1 1 0 0] E
ended traversal

success
distance:  4820 nodes_expanded:  1139
((3, 5), array([5, 5, 5, 5, 5]), 4820, 'B')
((4, 5), array([5, 4, 5, 4, 5]), 4483, 'E')
((4, 5), array([5, 4, 5, 4, 5]), 4084, 'C')
((1, 4), array([5, 4, 4, 4, 4]), 3411, 'A')
((4, 4), array([5, 3, 4, 4, 4]), 3134, 'E')
((4, 3), array([5, 3, 4, 4, 3]), 2747, 'D')
((0, 4), array([4, 2, 4, 3, 2]), 2360, 'E')
((3, 3), array([3, 2, 4, 3, 2]), 2023, 'B')
((2, 3), array([2, 2, 3, 2, 2]), 1686, 'E')
((4, 2), array([2, 2, 2, 2, 2]), 1287, 'C')
((1, 2), array([2, 2, 1, 1, 1]), 614, 'A')
((2, 1), array([1, 1, 1, 1, 1]), 337, 'E')
((4, 1), array([0, 0, 0, 1, 1]), 0, 'B')
ended traversal
///////////////////////////////////////
D C D B E C
C E D B A D
C E A D C A
D A D A D A
B D B C B C
success
stops:  13 nodes_expanded:  1957
(2, 6) [6 6 6 6 6] A
(0, 6) [6 6 5 5 6] C
(1, 6) [5 6 4 5 5] D
(1, 5) [5 5 4 4 5] A
(0, 5) [5 4 4 3 5] E
(0, 4) [4 4 4 3 5] B
(0, 3) [3 3 4 3 4] D
(2, 3) [2 2 3 2 4] A
(1, 2) [2 2 2 1 4] E
(0, 2) [2 1 1 1 4] C
(4, 3) [1 0 0 1 3] B
(0, 1) [1 0 0 1 2] D
(4, 1) [0 0 0 0 1] B
ended traversal

success
distance:  6982 nodes_expanded:  4405
((3, 6), array([6, 6, 6, 6, 6]), 6982, 'A')
((4, 6), array([6, 6, 5, 5, 6]), 6309, 'C')
((3, 5), array([5, 6, 4, 5, 5]), 5910, 'E')
((3, 5), array([5, 6, 4, 5, 5]), 5523, 'D')
((3, 4), array([5, 5, 3, 4, 5]), 5136, 'E')
((3, 4), array([5, 5, 3, 4, 5]), 4859, 'A')
((0, 5), array([5, 4, 2, 3, 5]), 4582, 'E')
((4, 5), array([4, 4, 2, 3, 5]), 4245, 'B')
((3, 3), array([3, 3, 2, 3, 4]), 3908, 'E')
((3, 3), array([3, 3, 2, 3, 4]), 3521, 'D')
((2, 2), array([2, 2, 2, 2, 4]), 3134, 'E')
((4, 4), array([2, 1, 1, 2, 4]), 2735, 'C')
((3, 2), array([1, 0, 0, 2, 3]), 2062, 'A')
((4, 3), array([1, 0, 0, 1, 3]), 1785, 'E')
((4, 3), array([1, 0, 0, 1, 3]), 1448, 'B')
((4, 2), array([1, 0, 0, 1, 2]), 1111, 'E')
((4, 2), array([1, 0, 0, 1, 2]), 724, 'D')
((4, 1), array([0, 0, 0, 0, 1]), 337, 'E')
((4, 1), array([0, 0, 0, 0, 1]), 0, 'B')
ended traversal
///////////////////////////////////////
B C E C A E D
E A B C B C D
D B E B A E A
C A C B D A E
D E D B E B D
success
stops:  15 nodes_expanded:  5722
(0, 7) [7 7 7 7 7] D
(2, 7) [6 6 7 7 7] A
(0, 6) [6 6 6 7 7] E
(0, 5) [5 6 5 6 7] A
(0, 4) [4 6 4 5 7] C
(3, 5) [3 5 4 5 7] D
(1, 5) [3 5 4 4 6] B
(0, 3) [3 4 3 3 5] E
(0, 2) [2 4 2 3 4] C
(0, 1) [1 3 2 2 4] B
(1, 2) [0 2 1 2 3] A
(4, 3) [0 1 1 1 3] D
(1, 1) [0 1 1 1 2] E
(3, 1) [0 0 1 1 1] C
(2, 1) [0 0 1 0 1] D
ended traversal

success
distance:  7324 nodes_expanded:  10899
((3, 7), array([7, 7, 7, 7, 7]), 7324, 'E')
((3, 6), array([7, 7, 7, 6, 7]), 7047, 'A')
((4, 7), array([7, 7, 6, 5, 7]), 6770, 'E')
((4, 7), array([7, 7, 6, 5, 7]), 6383, 'D')
((2, 6), array([6, 6, 6, 4, 6]), 5996, 'E')
((2, 5), array([5, 6, 5, 4, 6]), 5719, 'A')
((1, 6), array([4, 6, 4, 4, 6]), 5046, 'C')
((4, 6), array([3, 5, 4, 4, 6]), 4647, 'E')
((4, 6), array([3, 5, 4, 4, 6]), 4310, 'B')
((0, 3), array([3, 4, 3, 3, 5]), 3973, 'E')
((3, 3), array([2, 4, 3, 3, 5]), 3574, 'C')
((4, 5), array([1, 3, 3, 2, 5]), 3175, 'E')
((4, 4), array([1, 3, 2, 2, 4]), 2838, 'B')
((4, 3), array([0, 2, 1, 2, 3]), 2501, 'E')
((4, 3), array([0, 2, 1, 2, 3]), 2114, 'D')
((4, 2), array([0, 2, 1, 2, 2]), 1727, 'E')
((4, 1), array([0, 2, 1, 2, 1]), 1340, 'D')
((3, 2), array([0, 2, 0, 2, 0]), 953, 'E')
((3, 2), array([0, 2, 0, 2, 0]), 676, 'A')
((1, 1), array([0, 1, 0, 1, 0]), 399, 'E')
((3, 1), array([0, 0, 0, 1, 0]), 0, 'C')
ended traversal
///////////////////////////////////////
D A D E C D C B
A D B A E A E A
B E C E B E A D
C D E A E D E B
C E C A B D B E
success
stops:  18 nodes_expanded:  8539
(0, 8) [8 8 8 8 8] B
(2, 8) [7 8 8 7 8] D
(1, 8) [7 8 7 7 8] A
(1, 7) [7 7 6 7 8] E
(0, 7) [7 6 5 6 7] C
(2, 5) [6 6 5 6 7] B
(0, 6) [6 6 4 6 6] D
(1, 6) [5 6 4 5 5] A
(1, 5) [5 5 4 5 5] E
(4, 5) [5 4 3 4 5] B
(1, 4) [5 4 3 4 4] A
(0, 5) [5 3 3 3 3] C
(0, 4) [4 3 2 3 2] E
(1, 3) [3 3 1 2 1] B
(0, 3) [3 2 0 2 1] D
(0, 2) [2 1 0 2 1] A
(0, 1) [1 0 0 2 1] D
(3, 1) [0 0 0 1 1] C
ended traversal

success
distance:  8263 nodes_expanded:  16679
((1, 8), array([8, 8, 8, 8, 8]), 8263, 'A')
((4, 8), array([8, 7, 8, 8, 8]), 7986, 'E')
((4, 7), array([8, 7, 8, 8, 7]), 7649, 'B')
((3, 7), array([8, 7, 8, 7, 6]), 7312, 'E')
((4, 6), array([8, 7, 8, 6, 6]), 6925, 'D')
((1, 7), array([8, 7, 7, 5, 5]), 6538, 'E')
((2, 7), array([8, 6, 7, 5, 5]), 6261, 'A')
((2, 6), array([8, 5, 6, 5, 5]), 5984, 'E')
((4, 5), array([8, 5, 5, 5, 5]), 5647, 'B')
((3, 5), array([7, 5, 4, 5, 4]), 5310, 'E')
((4, 4), array([7, 4, 4, 4, 4]), 5033, 'A')
((4, 3), array([7, 3, 4, 3, 3]), 4360, 'C')
((3, 3), array([6, 3, 4, 3, 2]), 3961, 'E')
((3, 2), array([6, 3, 4, 2, 2]), 3574, 'D')
((4, 2), array([5, 3, 4, 1, 2]), 3187, 'E')
((4, 1), array([5, 3, 3, 1, 1]), 2788, 'C')
((2, 2), array([4, 3, 2, 0, 0]), 2389, 'E')
((2, 1), array([4, 3, 1, 0, 0]), 2052, 'B')
((0, 4), array([4, 2, 0, 0, 0]), 1715, 'E')
((1, 2), array([3, 2, 0, 0, 0]), 1328, 'D')
((1, 1), array([2, 1, 0, 0, 0]), 941, 'E')
((1, 1), array([2, 1, 0, 0, 0]), 664, 'A')
((0, 1), array([1, 0, 0, 0, 0]), 387, 'E')
((0, 1), array([1, 0, 0, 0, 0]), 0, 'D')
ended traversal 
///////////////////////////////////////
